0
640
1280
1920
2560
3200
3840
4480
5120
5760
6400
7040
7680
8320
8960
9600
10240
10880
11520
12160
12800
13440
14080
14720
15360
16000
16640
17280
17920
18560
19200
19840
20480
21120
21760
22400
23040
23680
24320
24960
25600
26240
26880
27520
28160
28800
29440
30080
30720
31360
32000
32640
33280
33920
34560
35200
35840
36480
37120
37760
38400
39040
39680
40320
40960
41600
42240
42880
43520
44160
44800
45440
46080
46720
47360
48000
48640
49280
49920
50560
51200
51840
52480
53120
53760
54400
55040
55680
56320
56960
57600
58240
58880
59520
60000
60640
61280
61920
62560
63200
63840
64480
65120
65760
66400
67040
67680
68320
68960
69600
70240
70880
71520
72160
72800
73440
74080
74720
75360
76000
76640
77280
77920
78560
79200
79840
80480
81120
81760
82400
83040
83680
84320
84960
85600
86240
86880
87520
88160
88800
89440
90080
90720
91360
92000
92640
93280
93920
94560
95200
95840
96480
97120
97760
98400
99040
99680
100320
100960
101600
102240
102880
103520
104160
104800
105440
106080
106720
107360
108000
108640
109280
109920
110560
111200
111840
112480
113120
113760
114400
115040
115680
116320
116960
117600
118240
118880
119520
120000
120640
121280
121920
122560
123200
123840
124480
125120
125760
126400
127040
127680
128320
128960
129600
130240
130880
131520
132160
132800
133440
134080
134720
135360
136000
136640
137280
137920
138560
139200
139840
140480
141120
141760
142400
143040
143680
144320
144960
145600
146240
146880
147520
148160
148800
149440
150080
150720
151360
152000
152640
153280
153920
154560
155200
155840
156480
157120
157760
158400
159040
159680
160320
160960
161600
162240
162880
163520
164160
164800
165440
166080
166720
167360
168000
168640
169280
169920
170560
171200
171840
172480
173120
173760
174400
175040
175680
176320
176960
177600
178240
178880
179520
180000
180640
181280
181920
182560
183200
183840
184480
185120
185760
186400
187040
187680
188320
188960
189600
190240
190880
191520
192160
192800
193440
194080
194720
195360
196000
196640
197280
197920
198560
199200
199840
200480
201120
201760
202400
203040
203680
204320
204960
205600
206240
206880
207520
208160
208800
209440
210080
210720
211360
212000
212640
213280
213920
214560
215200
215840
216480
217120
217760
218400
219040
219680
220320
220960
221600
222240
222880
223520
224160
224800
225440
226080
226720
227360
228000
228640
229280
229920
230560
231200
231840
232480
233120
233760
234400
235040
235680
236320
236960
237600
238240
238880
239520
240000
240640
241280
241920
242560
243200
243840
244480
245120
245760
246400
247040
247680
248320
248960
249600
250240
250880
251520
252160
252800
253440
254080
254720
255360
256000
256640
257280
257920
258560
259200
259840
260480
261120
261760
262400
263040
263680
264320
264960
265600
266240
266880
267520
268160
268800
269440
270080
270720
271360
272000
272640
273280
273920
274560
275200
275840
276480
277120
277760
278400
279040
279680
280320
280960
281600
282240
282880
283520
284160
284800
285440
286080
286720
287360
288000
288640
289280
289920
290560
291200
291840
292480
293120
293760
294400
295040
295680
296320
296960
297600
298240
298880
299520
300000
300640
301280
301920
302560
303200
303840
304480
305120
305760
306400
307040
307680
308320
308960
309600
310240
310880
311520
312160
312800
313440
314080
314720
315360
316000
316640
317280
317920
318560
319200
319840
320480
321120
321760
322400
323040
323680
324320
324960
325600
326240
326880
327520
328160
328800
329440
330080
330720
331360
332000
332640
333280
333920
334560
335200
335840
336480
337120
337760
338400
339040
339680
340320
340960
341600
342240
342880
343520
344160
344800
345440
346080
346720
347360
348000
348640
349280
349920
350560
351200
351840
352480
353120
353760
354400
355040
355680
356320
356960
357600
358240
358880
359520
360000
360640
361280
361920
362560
363200
363840
364480
365120
365760
366400
367040
367680
368320
368960
369600
370240
370880
371520
372160
372800
373440
374080
374720
375360
376000
376640
377280
377920
378560
379200
379840
380480
381120
381760
382400
383040
383680
384320
384960
385600
386240
386880
387520
388160
388800
389440
390080
390720
391360
392000
392640
393280
393920
394560
395200
395840
396480
397120
397760
398400
399040
399680
400320
400960
401600
402240
402880
403520
404160
404800
405440
406080
406720
407360
408000
408640
409280
409920
410560
411200
411840
412480
413120
413760
414400
415040
415680
416320
416960
417600
418240
418880
419520
420000
420640
421280
421920
422560
423200
423840
424480
425120
425760
426400
427040
427680
428320
428960
429600
430240
430880
431520
432160
432800
433440
434080
434720
435360
436000
436640
437280
437920
438560
439200
439840
440480
441120
441760
442400
443040
443680
444320
444960
445600
446240
446880
447520
448160
448800
449440
450080
450720
451360
452000
452640
453280
453920
454560
455200
455840
456480
457120
457760
458400
459040
459680
460320
460960
461600
462240
462880
463520
464160
464800
465440
466080
466720
467360
468000
468640
469280
469920
470560
471200
471840
472480
473120
473760
474400
475040
475680
476320
476960
477600
478240
478880
479520
