2.3604464530944824
2.3640100955963135
2.3299872875213623
2.2490673065185547
2.2880589962005615
2.2180848121643066
2.21421480178833
2.111192226409912
2.092592716217041
1.9898629188537598
1.911150574684143
1.6595032215118408
1.8694792985916138
1.6600943803787231
1.5773351192474365
1.5504701137542725
1.3044694662094116
1.408615231513977
1.3068567514419556
1.1714096069335938
1.1613394021987915
1.0564378499984741
0.9735592007637024
0.9884661436080933
0.8763789534568787
1.110771894454956
0.848415195941925
1.0677986145019531
0.9475813508033752
0.9504870772361755
0.9885919690132141
0.9388018250465393
0.9060001373291016
0.7043948173522949
0.7051032185554504
0.8686318397521973
0.9875050187110901
0.8606974482536316
0.9200989603996277
0.5277608036994934
0.6232628226280212
0.8110373020172119
0.8450411558151245
0.5791977643966675
0.7088398933410645
0.7360330820083618
0.5695021748542786
0.4465793967247009
0.5225642919540405
0.6144756078720093
0.592009961605072
0.5687114000320435
0.6646890640258789
0.4743952751159668
0.7212957739830017
0.6646174192428589
0.5505303740501404
0.4532712697982788
0.5468881130218506
0.5911968946456909
0.6926326751708984
0.7876782417297363
0.48347175121307373
0.5735495090484619
0.5239697098731995
0.709138035774231
0.4440040588378906
0.5288661122322083
0.6438004374504089
0.45825663208961487
0.5836083292961121
0.45528241991996765
0.5315427184104919
0.5010957717895508
0.6444038152694702
0.5993621349334717
0.4833436608314514
0.5865553021430969
0.3566586673259735
0.43953296542167664
0.846768319606781
0.4742852747440338
0.41746634244918823
0.4857928454875946
0.513379693031311
0.2845904231071472
0.5079855918884277
0.33930864930152893
0.7644967436790466
0.4122331142425537
0.3370498716831207
0.4904882609844208
0.5443102121353149
0.37301895022392273
0.45644187927246094
0.4188215434551239
0.30402377247810364
0.37071454524993896
0.3090817630290985
0.8915207386016846
0.3341095447540283
0.5055004358291626
0.49965745210647583
0.4597620666027069
0.5187928676605225
0.4552645683288574
0.29594558477401733
0.38951376080513
0.41751688718795776
0.5646666884422302
0.6608210802078247
0.3835130035877228
0.33950990438461304
0.47793570160865784
0.48920807242393494
0.4326536953449249
0.6013053059577942
0.4904794991016388
0.4640082120895386
0.3477139472961426
0.57313472032547
0.47719475626945496
0.3556951582431793
0.5451047420501709
0.49214738607406616
0.3432057499885559
0.3200107216835022
0.4394247233867645
0.5787009000778198
0.2872242331504822
0.2876095175743103
0.552786648273468
0.3528798520565033
0.4226616322994232
0.3987106382846832
0.34846290946006775
0.4061874747276306
0.25089338421821594
0.29492563009262085
0.30105316638946533
0.3058566451072693
0.3757641315460205
0.4299306571483612
0.3382291793823242
0.5284528136253357
0.4356323778629303
0.3229846656322479
0.42582979798316956
0.6017299890518188
0.28522002696990967
0.16641999781131744
0.3106864392757416
0.40283066034317017
0.4600042998790741
0.3563169240951538
0.3652910888195038
0.360219269990921
0.3626439869403839
0.3776772916316986
0.2279670387506485
0.27052393555641174
0.39443492889404297
0.2320166677236557
0.30436772108078003
0.2803896963596344
0.14629022777080536
0.380020409822464
0.40911248326301575
0.4576895534992218
0.3139347732067108
0.26184728741645813
0.2548726499080658
0.2900906801223755
0.23864823579788208
0.41954153776168823
0.38645774126052856
0.24547511339187622
0.4431624114513397
0.3905920088291168
0.3193042278289795
0.24688245356082916
0.28909218311309814
0.30409935116767883
0.2912057936191559
0.3416537940502167
0.33182573318481445
0.16258932650089264
0.4887624680995941
0.19947877526283264
0.21122802793979645
0.2518842816352844
0.18117520213127136
0.2855294644832611
0.3358764946460724
0.31927457451820374
0.36133909225463867
0.2366696447134018
0.22689901292324066
0.19285325706005096
0.3502298891544342
0.15039457380771637
0.33338889479637146
0.12609174847602844
0.260591983795166
0.6776997447013855
0.5150195956230164
0.5002117156982422
0.19484074413776398
0.23912473022937775
0.15957264602184296
0.4040675759315491
0.19275030493736267
0.2979429364204407
0.3498905897140503
0.3847474753856659
0.3501273989677429
0.19185203313827515
0.30776673555374146
0.2552071809768677
0.17558294534683228
0.2679404020309448
0.2966132164001465
0.3041284382343292
0.27590200304985046
0.5743842124938965
0.42739632725715637
0.41534462571144104
0.46201348304748535
0.1710146814584732
0.21298420429229736
0.28030604124069214
0.3464812934398651
0.3273089528083801
0.24632464349269867
0.2815552055835724
0.308619886636734
0.2427980750799179
0.22277863323688507
0.3413654863834381
0.48920300602912903
0.23439021408557892
0.30988001823425293
0.3442055284976959
0.21057182550430298
0.20912759006023407
0.2154194414615631
0.10350551456212997
0.2854139506816864
0.1470462679862976
0.28975287079811096
0.20222818851470947
0.2015826553106308
0.4398106336593628
0.31626152992248535
0.16785366833209991
0.2286531925201416
0.5854980945587158
0.17709749937057495
0.17240433394908905
0.32932159304618835
0.18338757753372192
0.40143170952796936
0.29541558027267456
0.2677062153816223
0.30447641015052795
0.2509799003601074
0.34306561946868896
0.18704549968242645
0.2790248990058899
0.2978217899799347
0.15515846014022827
0.18948562443256378
0.1584300845861435
0.16055354475975037
0.2377675324678421
0.35057541728019714
0.3672175109386444
0.47134968638420105
0.1586889922618866
0.14660924673080444
0.23489618301391602
0.1924287974834442
0.23612594604492188
0.2542760670185089
0.3246318995952606
0.2950851619243622
0.21010982990264893
0.1833604872226715
0.1848946362733841
0.10649777948856354
0.13359427452087402
0.17495602369308472
0.15936006605625153
0.16584759950637817
0.2753593623638153
0.5648495554924011
0.3179040551185608
0.2643873691558838
0.17964456975460052
0.4023929536342621
0.3330693244934082
0.32101020216941833
0.32420045137405396
0.2740905284881592
0.4245011806488037
0.420512855052948
0.19994105398654938
0.2117536962032318
0.4171760678291321
0.17453588545322418
0.29355689883232117
0.20409542322158813
0.19492852687835693
0.31679537892341614
0.19351069629192352
0.22748392820358276
0.13113848865032196
0.2462935745716095
0.1360655277967453
0.1581493765115738
0.21323661506175995
0.1375308483839035
0.20762309432029724
0.23268979787826538
0.2848914563655853
0.20357410609722137
0.43937328457832336
0.2714290916919708
0.2300342619419098
0.25515565276145935
0.2607825994491577
0.15573789179325104
0.2244000881910324
0.26315855979919434
0.14844028651714325
0.4133266508579254
0.22832022607326508
0.20885075628757477
0.3978678584098816
0.2328408807516098
0.14621439576148987
0.1709589660167694
0.1902187466621399
0.27795708179473877
0.1545514017343521
0.37547728419303894
0.24505579471588135
0.11423926055431366
0.2271355837583542
0.32208919525146484
0.30655884742736816
0.2698917090892792
0.36110344529151917
0.1328107863664627
0.1586115062236786
0.3258533179759979
0.2818908095359802
0.5146874189376831
0.5316450595855713
0.15818767249584198
0.34556064009666443
0.2089073657989502
0.2768522799015045
0.22669583559036255
0.21395929157733917
0.20245490968227386
0.28365257382392883
0.2873499393463135
0.19436772167682648
0.39196279644966125
0.30951425433158875
0.16393905878067017
0.2366936206817627
0.20143795013427734
0.3890165388584137
0.2581174969673157
0.2918510138988495
0.20806559920310974
0.4347931444644928
0.35213327407836914
0.22080934047698975
0.2261262685060501
0.2502606511116028
0.2049553394317627
0.20533010363578796
0.16504809260368347
0.3333221673965454
0.18102364242076874
0.17030321061611176
0.2243747115135193
0.17023837566375732
0.4228784143924713
0.2311810851097107
0.4452230930328369
0.23011311888694763
0.45064371824264526
0.20055119693279266
0.17260387539863586
0.27933022379875183
0.22908280789852142
0.14192679524421692
0.30155301094055176
0.2730863690376282
0.2535603642463684
0.25434091687202454
0.17828358709812164
0.2551352381706238
0.2599501609802246
0.20443788170814514
0.29006344079971313
0.22723083198070526
0.12981513142585754
0.14020715653896332
0.2407342791557312
0.06768649816513062
0.32169756293296814
0.08570888638496399
0.21515634655952454
0.24339763820171356
0.18770979344844818
0.14517231285572052
0.32658353447914124
0.13780315220355988
0.14066581428050995
0.25819364190101624
0.5660953521728516
0.39006102085113525
0.3525962829589844
0.16500748693943024
0.3085661828517914
0.1800421178340912
0.18988996744155884
0.24317580461502075
0.20929722487926483
0.14417803287506104
0.11297333240509033
0.3296051323413849
0.3512739837169647
0.2405465841293335
0.2239350974559784
0.11817596852779388
0.17087379097938538
0.3950023651123047
0.3244296908378601
0.20731545984745026
0.10108240693807602
0.43042829632759094
0.2373991161584854
0.16731031239032745
0.4544362425804138
0.2604871094226837
0.2974840998649597
0.29932647943496704
0.2555292248725891
0.3342435657978058
0.05916270986199379
0.29359951615333557
0.40103140473365784
0.3882027864456177
0.08115147054195404
0.10310449451208115
0.1539326012134552
0.19840975105762482
0.20813891291618347
0.12728093564510345
0.3025597333908081
0.38789570331573486
0.27166634798049927
0.11402683705091476
0.33335864543914795
0.1367170810699463
0.19099396467208862
0.32198092341423035
0.2128015160560608
0.09121932089328766
0.24100898206233978
0.1635148823261261
0.21533095836639404
0.10556235909461975
0.13369986414909363
0.3209735155105591
0.08981025218963623
0.19147978723049164
0.2091970294713974
0.14408603310585022
0.23268617689609528
0.29096391797065735
0.36916476488113403
0.33331215381622314
0.16468188166618347
0.1537848263978958
0.15690626204013824
0.2549615800380707
0.23537424206733704
0.24566307663917542
0.11021996289491653
0.23781609535217285
0.26845553517341614
0.17165550589561462
0.21388934552669525
0.396945059299469
0.17742125689983368
0.08264528214931488
0.32560521364212036
0.4237282872200012
0.30611032247543335
0.17258532345294952
0.2169831544160843
0.302013099193573
0.07539975643157959
0.23182906210422516
0.14101271331310272
0.36245250701904297
0.34870555996894836
0.2683379352092743
0.29881083965301514
0.10948380082845688
0.13366259634494781
0.23797963559627533
0.298515260219574
0.21987701952457428
0.19200587272644043
0.2787931561470032
0.30593031644821167
0.2857809066772461
0.2674890458583832
0.12069040536880493
0.18565602600574493
0.15034545958042145
0.2712620794773102
0.1538688987493515
0.06434503197669983
0.21753910183906555
0.09049096703529358
0.23917439579963684
0.14889346063137054
0.16361850500106812
0.14004021883010864
0.17291274666786194
0.15899541974067688
0.15874585509300232
0.19263994693756104
0.13920217752456665
0.21376994252204895
0.207041397690773
0.17501285672187805
0.11848898231983185
0.18588584661483765
0.25364625453948975
0.11166661232709885
0.0963982418179512
0.14585301280021667
0.36009567975997925
0.23666870594024658
0.22350433468818665
0.12110075354576111
0.2339565008878708
0.2780808210372925
0.24130985140800476
0.45924344658851624
0.1845800280570984
0.14514410495758057
0.1364302635192871
0.1804264485836029
0.25293463468551636
0.24495071172714233
0.40435338020324707
0.11668918281793594
0.15617568790912628
0.0836779773235321
0.1618024706840515
0.2521214783191681
0.29049304127693176
0.16529075801372528
0.1514095515012741
0.29542312026023865
0.2068992406129837
0.21840952336788177
0.1253119260072708
0.20259439945220947
0.26781174540519714
0.39527130126953125
0.2816971242427826
0.14903733134269714
0.22841936349868774
0.12911076843738556
0.16958196461200714
0.43987271189689636
0.3930620849132538
0.13981401920318604
0.275884211063385
0.16359452903270721
0.1222376674413681
0.24380899965763092
0.17325547337532043
0.050334133207798004
0.11270768195390701
0.2900625169277191
0.12785454094409943
0.1377526819705963
0.1624852865934372
0.30019253492355347
0.19034971296787262
0.24309831857681274
0.23046350479125977
0.11824988573789597
0.21242251992225647
0.17415851354599
0.3421310484409332
0.2378486841917038
0.22589580714702606
0.029930030927062035
0.16850309073925018
0.2577885091304779
0.2743721902370453
0.2085728943347931
0.2631935775279999
0.21016380190849304
0.21679052710533142
0.10954741388559341
0.11094388365745544
0.13054390251636505
0.1825065314769745
0.13623695075511932
0.2274351418018341
0.0712667927145958
0.24387291073799133
0.21013355255126953
0.35020750761032104
0.09759463369846344
0.20335623621940613
0.15361250936985016
0.13943032920360565
0.2554141879081726
0.17455728352069855
0.2790857255458832
0.20999900996685028
0.16244976222515106
0.12584075331687927
0.15187957882881165
0.31502628326416016
0.07196179777383804
0.05439623072743416
0.12081494927406311
0.20472930371761322
0.2219528704881668
0.658796489238739
0.07607661932706833
0.20902246236801147
0.16990211606025696
0.23069335520267487
0.24552565813064575
0.258792906999588
0.10286311060190201
0.17888996005058289
0.1827593892812729
0.20564302802085876
0.2813322842121124
0.1702394038438797
0.40586814284324646
0.28580987453460693
0.11022511124610901
0.23187366127967834
0.16693942248821259
0.25742530822753906
0.27991223335266113
0.1255437582731247
0.19729863107204437
0.18610411882400513
0.28190284967422485
0.2594834566116333
0.2904141843318939
0.14706556499004364
0.10927387326955795
0.18679086863994598
0.1636047661304474
0.16084754467010498
0.1596546769142151
0.1254488229751587
0.07840008288621902
0.2554306983947754
0.338115930557251
0.1374426633119583
0.1347644180059433
0.12485215812921524
0.06109624356031418
0.09883876144886017
0.08987506479024887
0.22881919145584106
0.12731826305389404
0.10428287088871002
0.2165878564119339
0.17528721690177917
0.13726332783699036
0.1818992644548416
0.0844874233007431
0.05782771483063698
0.2205609530210495
0.19154265522956848
0.3191651403903961
0.1468643695116043
0.14288167655467987
0.12274879217147827
0.10324737429618835
0.1280900090932846
0.12018950283527374
0.09776150435209274
0.13477396965026855
0.18627311289310455
0.11448663473129272
0.2236228585243225
0.24591143429279327
0.170803964138031
0.27762866020202637
0.5394091606140137
0.09949129819869995
0.24997012317180634
0.3307385742664337
0.1464090496301651
0.19213993847370148
0.1782902479171753
0.480503112077713
0.11154279112815857
0.1318393498659134
0.19907242059707642
0.2023417353630066
0.27676254510879517
0.10509621351957321
0.34190604090690613
0.14111849665641785
0.0831662192940712
0.07731324434280396
0.10761024057865143
0.12179525941610336
0.058837465941905975
0.05698058754205704
0.10664288699626923
0.1429768055677414
0.07269831746816635
0.320167601108551
0.2825566530227661
0.1957474946975708
0.16735254228115082
0.27000692486763
0.17833569645881653
0.30630216002464294
0.1516619324684143
0.14160072803497314
0.12441375106573105
0.1454438418149948
0.16066162288188934
0.4004528224468231
